0.600900
0.594700
0.797200
0.604300
0.596500
0.594200
0.335600
0.666450
0.661800
0.666150
0.506700
0.504100
0.830950
0.709000
0.569500
0.717600
0.715450
0.426800
0.570750
0.621500
0.747200
0.377950
0.748500
0.503950
0.330950
0.555550
0.669150
0.658850
0.776600
0.554050
0.597800
0.404050
0.496100
0.599150
0.596950
0.600850
0.799000
0.798050
0.598000
0.397600
0.600850
0.396800
0.665400
0.832900
0.668300
0.661350
0.672050
0.502000
0.717850
0.858000
0.713450
0.569650
0.570100
0.429800
0.873050
0.629300
0.502150
0.376200
0.620500
0.372450
0.664600
0.669000
0.437600
0.663950
0.669150
0.443100
0.698000
0.697600
0.603250
0.599100
0.498800
0.497900
0.801400
0.797650
0.602500
0.394900
0.598500
0.597400
0.831900
0.667800
0.663800
0.670200
0.661450
0.663500
1.000000
0.426250
0.855550
0.567600
0.710650
0.569650
0.628050
0.751150
0.497600
0.495950
0.627800
0.500700
0.664850
0.556700
0.665800
0.660750
0.556800
0.672500
0.700550
0.702900
0.599450
0.799300
0.502850
0.404150
1.000000
0.803500
0.795350
0.598550
0.802300
0.401500
1.000000
0.834750
0.662350
0.831350
0.664100
0.829850
0.861950
0.860200
0.712250
0.717650
0.710100
0.712650
1.000000
1.000000
0.749950
0.744950
0.625300
0.621750
0.887350
1.000000
0.665100
0.670600
0.664650
0.666350
1.000000
1.000000
0.802800
0.601950
0.498750
0.604350
1.000000
1.000000
0.792250
0.799550
0.601000
0.602100
1.000000
1.000000
0.667300
0.834700
0.830400
0.667450
1.000000
1.000000
0.856800
0.712450
0.720600
0.714200
1.000000
0.751000
0.749500
0.626650
0.750900
0.622300
0.889000
0.886600
1.000000
1.000000
0.777900
0.667400
0.898400
0.901200
0.800300
0.699550
0.706250
0.599800
1.000000
1.000000
0.794900
0.795050
0.600700
0.600100
1.000000
0.834000
1.000000
0.832350
0.666650
0.834450
1.000000
1.000000
1.000000
0.864000
0.573450
0.713200
1.000000
1.000000
0.872450
0.621450
0.621400
0.745350
1.000000
1.000000
0.782450
0.772800
0.665250
0.665250
0.902250
1.000000
0.804200
0.700350
0.701850
0.601150
1.000000
1.000000
1.000000
0.802500
0.796200
0.802450
1.000000
1.000000
0.834400
1.000000
0.832350
0.501050
1.000000
1.000000
1.000000
0.852850
0.717800
0.715000
0.874900
1.000000
0.872600
0.754700
0.629600
0.873700
1.000000
1.000000
0.890500
0.776950
0.662250
0.671500
1.000000
1.000000
0.704500
0.701000
0.594650
0.702300
1.000000
1.000000
1.000000
1.000000
0.796700
0.598250
1.000000
1.000000
0.836300
1.000000
0.667700
0.670800
1.000000
1.000000
0.857600
1.000000
0.853800
0.718700
1.000000
1.000000
0.878450
1.000000
0.626000
0.626350
1.000000
1.000000
0.891100
0.780100
0.664800
0.673450
0.900200
1.000000
0.896050
0.797100
0.597200
0.504050
1.000000
1.000000
1.000000
0.799750
0.797400
1.000000
1.000000
1.000000
0.833400
1.000000
0.838200
0.835350
1.000000
1.000000
1.000000
0.858400
0.708250
0.568200
1.000000
1.000000
1.000000
0.874950
0.748000
0.751450
1.000000
1.000000
0.892400
1.000000
0.775250
0.554550
1.000000
1.000000
0.798100
0.900200
0.702850
0.705700
1.000000
1.000000
0.802650
1.000000
0.795600
0.803450
1.000000
1.000000
0.832800
1.000000
0.835250
0.662150
1.000000
1.000000
1.000000
1.000000
0.858000
0.713950
1.000000
1.000000
1.000000
0.877250
0.750100
0.625750
1.000000
1.000000
0.892900
0.889150
0.779950
0.669950
1.000000
1.000000
0.899600
0.900900
0.700050
0.798650
1.000000
1.000000
1.000000
1.000000
1.000000
1.000000
1.000000
1.000000
1.000000
1.000000
0.839000
0.836800
1.000000
1.000000
1.000000
1.000000
0.717300
0.714000
1.000000
1.000000
0.872150
1.000000
0.750450
0.755200
1.000000
1.000000
1.000000
0.893750
0.890300
0.778300
1.000000
1.000000
1.000000
0.900350
0.796650
0.692450
1.000000
1.000000
1.000000
1.000000
1.000000
0.797250
1.000000
1.000000
1.000000
1.000000
1.000000
1.000000
1.000000
1.000000
1.000000
1.000000
0.716300
0.857650
1.000000
1.000000
1.000000
0.874200
0.750750
0.623350
1.000000
1.000000
1.000000
0.889800
0.777250
0.776500
1.000000
1.000000
1.000000
1.000000
0.800650
0.698150
1.000000
1.000000
1.000000
1.000000
0.795050
0.802050
1.000000
1.000000
1.000000
1.000000
0.835100
1.000000
1.000000
1.000000
1.000000
1.000000
0.854950
0.858350
1.000000
1.000000
1.000000
1.000000
0.626750
0.746150
1.000000
1.000000
1.000000
0.891700
0.780650
0.887000
1.000000
1.000000
1.000000
0.897950
0.801350
0.705750
1.000000
1.000000
1.000000
1.000000
0.803100
0.805600
1.000000
1.000000
1.000000
1.000000
0.664950
0.835700
1.000000
1.000000
1.000000
1.000000
0.720550
0.856800
1.000000
1.000000
1.000000
1.000000
0.754600
0.746700
1.000000
1.000000
1.000000
1.000000
0.772250
0.892600
1.000000
1.000000
1.000000
1.000000
0.800150
0.897800
1.000000
1.000000
1.000000
1.000000
0.804150
1.000000
1.000000
1.000000
1.000000
1.000000
0.836050
0.839500
1.000000
1.000000
1.000000
1.000000
0.860250
0.855500
1.000000
1.000000
1.000000
1.000000
0.625950
0.880400
1.000000
1.000000
1.000000
1.000000
0.887700
0.886700
1.000000
1.000000
1.000000
0.900700
0.794450
0.699500
1.000000
1.000000
1.000000
1.000000
1.000000
1.000000
1.000000
1.000000
1.000000
1.000000
0.831450
0.838200
1.000000
1.000000
1.000000
0.858400
0.855700
0.717950
1.000000
1.000000
1.000000
1.000000
0.753050
0.876650
1.000000
1.000000
0.889650
0.888100
0.890050
0.883800
1.000000
1.000000
1.000000
1.000000
0.800300
0.702350
1.000000
1.000000
1.000000
1.000000
1.000000
1.000000
1.000000
1.000000
1.000000
1.000000
0.830500
1.000000
1.000000
1.000000
1.000000
1.000000
1.000000
1.000000
1.000000
1.000000
1.000000
1.000000
0.875700
0.876200
1.000000
1.000000
1.000000
1.000000
0.782750
0.780950
1.000000
1.000000
1.000000
1.000000
0.899050
0.801150
1.000000
1.000000
1.000000
1.000000
1.000000
1.000000
1.000000
1.000000
1.000000
1.000000
0.838300
0.831750
1.000000
1.000000
1.000000
1.000000
0.851750
0.862950
1.000000
1.000000
1.000000
1.000000
1.000000
0.875400
1.000000
1.000000
1.000000
1.000000
0.890300
0.781100
1.000000
1.000000
1.000000
1.000000
0.897900
0.803600
1.000000
1.000000
1.000000
1.000000
1.000000
1.000000
1.000000
1.000000
1.000000
1.000000
1.000000
1.000000
1.000000
1.000000
1.000000
1.000000
0.856800
0.858300
1.000000
1.000000
1.000000
1.000000
0.749850
0.746900
1.000000
1.000000
1.000000
1.000000
0.774050
0.773850
1.000000
1.000000
1.000000
1.000000
0.899950
0.799300
1.000000
1.000000
1.000000
1.000000
1.000000
1.000000
1.000000
1.000000
1.000000
1.000000
1.000000
0.831850
1.000000
1.000000
1.000000
1.000000
1.000000
1.000000
1.000000
1.000000
1.000000
1.000000
0.875800
0.875100
1.000000
1.000000
1.000000
1.000000
0.778200
0.892000
1.000000
1.000000
1.000000
1.000000
0.901150
0.794000
1.000000
1.000000
1.000000
1.000000
1.000000
1.000000
1.000000
1.000000
1.000000
1.000000
1.000000
1.000000
1.000000
1.000000
1.000000
1.000000
1.000000
1.000000
1.000000
1.000000
1.000000
1.000000
1.000000
0.871900
1.000000
1.000000
1.000000
1.000000
0.891050
0.885250
1.000000
1.000000
1.000000
1.000000
0.897450
0.901100
1.000000
1.000000
1.000000
1.000000
1.000000
1.000000
1.000000
1.000000
1.000000
1.000000
1.000000
1.000000
1.000000
1.000000
1.000000
1.000000
1.000000
1.000000
1.000000
1.000000
1.000000
1.000000
0.879800
0.879200
1.000000
1.000000
1.000000
1.000000
0.776950
0.891700
1.000000
1.000000
1.000000
1.000000
0.901250
1.000000
1.000000
1.000000
1.000000
1.000000
1.000000
1.000000
1.000000
1.000000
1.000000
1.000000
1.000000
1.000000
1.000000
1.000000
1.000000
1.000000
1.000000
1.000000
1.000000
1.000000
1.000000
1.000000
0.871000
1.000000
1.000000
1.000000
1.000000
1.000000
0.888200
0.885700
1.000000
1.000000
1.000000
1.000000
0.804800
0.897050
1.000000
1.000000
1.000000
1.000000
1.000000
1.000000
1.000000
1.000000
1.000000
1.000000
0.835000
1.000000
1.000000
1.000000
1.000000
1.000000
1.000000
1.000000
1.000000
1.000000
1.000000
1.000000
1.000000
1.000000
1.000000
1.000000
1.000000
1.000000
0.890550
1.000000
1.000000
1.000000
1.000000
1.000000
0.898100
1.000000
1.000000
1.000000
1.000000
1.000000
1.000000
1.000000
1.000000
1.000000
1.000000
1.000000
1.000000
1.000000
1.000000
1.000000
1.000000
1.000000
1.000000
0.857700
1.000000
1.000000
1.000000
1.000000
0.871150
1.000000
1.000000
1.000000
1.000000
1.000000
0.892500
1.000000
1.000000
1.000000
1.000000
1.000000
0.900600
1.000000
1.000000
1.000000
1.000000
1.000000
1.000000
1.000000
1.000000
1.000000
1.000000
1.000000
1.000000
1.000000
1.000000
1.000000
1.000000
1.000000
0.853900
1.000000
1.000000
1.000000
1.000000
1.000000
0.873950
1.000000
1.000000
1.000000
1.000000
1.000000
1.000000
0.890200
1.000000
1.000000
1.000000
1.000000
0.902150
0.901950
1.000000
1.000000
1.000000
1.000000
1.000000
1.000000
1.000000
1.000000
1.000000
1.000000
1.000000
1.000000
1.000000
1.000000
1.000000
1.000000
1.000000
0.858350
1.000000
1.000000
1.000000
1.000000
1.000000
0.873200
1.000000
1.000000
1.000000
1.000000
0.887850
0.887450
1.000000
1.000000
1.000000
1.000000
1.000000
0.898650
1.000000
1.000000
1.000000
1.000000
1.000000
1.000000
1.000000
1.000000
1.000000
1.000000
1.000000
1.000000
1.000000
1.000000
1.000000
1.000000
1.000000
1.000000
1.000000
1.000000
1.000000
1.000000
1.000000
1.000000
1.000000
1.000000
1.000000
1.000000
1.000000
1.000000
1.000000
1.000000
1.000000
1.000000
1.000000
0.902750
1.000000
1.000000
1.000000
1.000000
1.000000
1.000000
1.000000
1.000000
1.000000
1.000000
1.000000
1.000000
1.000000
1.000000
1.000000
1.000000
1.000000
1.000000
1.000000
1.000000
1.000000
1.000000
1.000000
1.000000
1.000000
1.000000
1.000000
1.000000
1.000000
0.889200
1.000000
1.000000
1.000000
1.000000
1.000000
1.000000
1.000000
1.000000
1.000000
1.000000
1.000000
1.000000
1.000000
1.000000
1.000000
1.000000
1.000000
1.000000
1.000000
1.000000
1.000000
1.000000
1.000000
1.000000
1.000000
1.000000
1.000000
1.000000
0.875150
1.000000
1.000000
1.000000
1.000000
1.000000
1.000000
1.000000
1.000000
1.000000
1.000000
1.000000
1.000000
1.000000
1.000000
1.000000
1.000000
1.000000
1.000000
1.000000
1.000000
1.000000
1.000000
1.000000
1.000000
1.000000
1.000000
1.000000
1.000000
1.000000
1.000000
1.000000
1.000000
1.000000
1.000000
1.000000
0.875950
1.000000
1.000000
1.000000
1.000000
1.000000
1.000000
1.000000
1.000000
1.000000
1.000000
1.000000
1.000000
1.000000
1.000000
1.000000
1.000000
1.000000
1.000000
1.000000
1.000000
1.000000
1.000000
1.000000
1.000000
1.000000
1.000000
1.000000
1.000000
1.000000
1.000000
1.000000
1.000000
1.000000
1.000000
1.000000
0.877600
1.000000
1.000000
1.000000
1.000000
1.000000
1.000000
1.000000
1.000000
1.000000
1.000000
1.000000
0.899050
0.898750
1.000000
1.000000
1.000000
1.000000
1.000000
1.000000
1.000000
1.000000
1.000000
1.000000
1.000000
1.000000
1.000000
1.000000
1.000000
1.000000
1.000000
1.000000
1.000000
1.000000
1.000000
1.000000
1.000000
1.000000
1.000000
1.000000
1.000000
1.000000
1.000000
1.000000
1.000000
1.000000
1.000000
1.000000
1.000000
1.000000
1.000000
1.000000
1.000000
1.000000
1.000000
1.000000
1.000000
1.000000
1.000000
1.000000
1.000000
1.000000
1.000000
1.000000
1.000000
1.000000
1.000000
1.000000
1.000000
1.000000
1.000000
1.000000
1.000000
1.000000
1.000000
1.000000
1.000000
1.000000
0.886950
1.000000
1.000000
1.000000
1.000000
1.000000
1.000000
1.000000
1.000000
1.000000
1.000000
1.000000
1.000000
1.000000
1.000000
1.000000
1.000000
1.000000
1.000000
1.000000
1.000000
1.000000
1.000000
1.000000
1.000000
1.000000
1.000000
1.000000
1.000000
1.000000
1.000000
1.000000
1.000000
1.000000
1.000000
1.000000
1.000000
1.000000
1.000000
1.000000
1.000000
1.000000
1.000000
1.000000
1.000000
1.000000
1.000000
1.000000
1.000000
1.000000
1.000000
1.000000
1.000000
1.000000
1.000000
1.000000
1.000000
1.000000
1.000000
1.000000
1.000000
1.000000
1.000000
1.000000
1.000000
1.000000
1.000000
1.000000
1.000000
1.000000
1.000000
1.000000
1.000000
1.000000
1.000000
1.000000
1.000000
1.000000
1.000000
0.901700
1.000000
1.000000
1.000000
1.000000
1.000000
1.000000
1.000000
1.000000
1.000000
1.000000
1.000000
1.000000
1.000000
1.000000
1.000000
1.000000
1.000000
1.000000
1.000000
1.000000
1.000000
1.000000
1.000000
1.000000
1.000000
1.000000
1.000000
1.000000
1.000000
1.000000
1.000000
1.000000
1.000000
1.000000
1.000000
1.000000
1.000000
1.000000
1.000000
1.000000
1.000000
1.000000
1.000000
1.000000
1.000000
1.000000
1.000000
1.000000
1.000000
1.000000
1.000000
1.000000
1.000000
1.000000
1.000000
1.000000
1.000000
1.000000
1.000000
1.000000
1.000000
1.000000
1.000000
1.000000
1.000000
1.000000
1.000000
1.000000
1.000000
1.000000
1.000000
1.000000
1.000000
1.000000
1.000000
1.000000
1.000000
1.000000
1.000000
1.000000
1.000000
1.000000
1.000000
1.000000
1.000000
1.000000
1.000000
1.000000
1.000000
1.000000
1.000000
1.000000
1.000000
1.000000
1.000000
1.000000
1.000000
1.000000
1.000000
1.000000
1.000000
1.000000
1.000000
1.000000
1.000000
1.000000
1.000000
1.000000
1.000000
1.000000
1.000000
1.000000
1.000000
1.000000
1.000000
1.000000
1.000000
1.000000
1.000000
1.000000
1.000000
1.000000
1.000000
1.000000
1.000000
1.000000
1.000000
1.000000
1.000000
1.000000
1.000000
1.000000
1.000000
1.000000
1.000000
1.000000
1.000000
1.000000
1.000000
1.000000
1.000000
1.000000
1.000000
1.000000
1.000000
1.000000
1.000000
1.000000
1.000000
1.000000
1.000000
1.000000
1.000000
1.000000
1.000000
1.000000
1.000000
1.000000
1.000000
1.000000
1.000000
1.000000
1.000000
1.000000
1.000000
1.000000
1.000000
1.000000
1.000000
1.000000
1.000000
1.000000
1.000000
1.000000
1.000000
1.000000
1.000000
1.000000
1.000000
1.000000
1.000000
1.000000
1.000000
1.000000
1.000000
1.000000
1.000000
1.000000
1.000000
1.000000
1.000000
1.000000
1.000000
1.000000
1.000000
1.000000
1.000000
1.000000
1.000000
1.000000
1.000000
1.000000
1.000000
1.000000
1.000000
1.000000
1.000000
1.000000
1.000000
1.000000
1.000000
1.000000
1.000000
1.000000
1.000000
1.000000
1.000000
1.000000
1.000000
1.000000
1.000000
1.000000
1.000000
1.000000
1.000000
1.000000
1.000000
1.000000
1.000000
1.000000
1.000000
1.000000
1.000000
1.000000
1.000000
1.000000
1.000000
1.000000
1.000000
1.000000
1.000000
1.000000
1.000000
1.000000
1.000000
1.000000
1.000000
1.000000
1.000000
1.000000
1.000000
1.000000
1.000000
1.000000
1.000000
1.000000
1.000000
1.000000
1.000000
1.000000
1.000000
1.000000
1.000000
1.000000
1.000000
1.000000
1.000000
1.000000
1.000000
1.000000
1.000000
1.000000
1.000000
1.000000
1.000000
1.000000
1.000000
1.000000
1.000000
1.000000
1.000000
1.000000
1.000000
1.000000
1.000000
1.000000
1.000000
1.000000
1.000000
1.000000
1.000000
1.000000
1.000000
1.000000
1.000000
1.000000
1.000000
1.000000
1.000000
1.000000
1.000000
1.000000
1.000000
1.000000
1.000000
1.000000
1.000000
1.000000
1.000000
1.000000
1.000000
1.000000
1.000000
1.000000
1.000000
1.000000
1.000000
1.000000
1.000000
1.000000
1.000000
1.000000
1.000000
1.000000
1.000000
1.000000
1.000000
1.000000
1.000000
1.000000
1.000000
1.000000
1.000000
1.000000
1.000000
1.000000
1.000000
1.000000
1.000000
1.000000
1.000000
1.000000
1.000000
1.000000
1.000000
1.000000
1.000000
1.000000
1.000000
1.000000
1.000000
1.000000
1.000000
1.000000
1.000000
1.000000
1.000000
1.000000
1.000000
1.000000
1.000000
1.000000
1.000000
1.000000
1.000000
1.000000
1.000000
1.000000
1.000000
1.000000
1.000000
1.000000
1.000000
1.000000
1.000000
1.000000
1.000000
1.000000
1.000000
1.000000
1.000000
1.000000
1.000000
1.000000
1.000000
1.000000
1.000000
1.000000
1.000000
1.000000
1.000000
1.000000
1.000000
1.000000
1.000000
1.000000
1.000000
1.000000
1.000000
1.000000
1.000000
1.000000
1.000000
1.000000
1.000000
1.000000
1.000000
1.000000
1.000000
1.000000
1.000000
1.000000
1.000000
1.000000
1.000000
1.000000
1.000000
1.000000
1.000000
1.000000
1.000000
1.000000
1.000000
1.000000
1.000000
1.000000
1.000000
1.000000
1.000000
1.000000
1.000000
1.000000
