0.601800
0.801650
0.795800
0.797250
0.600200
0.605300
0.599800
1.000000
0.403800
0.800300
0.597900
0.798450
0.405200
0.401000
0.602450
0.604150
0.804950
0.797100
0.601500
1.000000
0.602500
0.598250
0.803250
0.597250
0.598800
0.400150
0.802650
0.601600
0.400450
0.398150
0.799800
0.394850
0.399250
0.595450
0.594350
0.600050
0.596350
0.597750
0.403000
0.599650
0.793350
0.605000
0.602050
0.607750
0.600900
0.800850
0.599850
0.397400
0.603350
0.602800
0.598450
0.601150
0.404450
0.398550
0.597500
0.396000
0.599500
0.595250
0.801200
0.402950
0.799550
0.600300
0.601700
0.598650
0.801300
0.599150
0.399800
0.601900
0.598350
0.595600
0.593500
0.599500
0.598100
0.666900
0.668100
0.660600
0.665500
0.834800
0.493600
0.664800
0.500250
0.497750
0.667000
0.668800
0.835450
0.503400
0.501150
0.500350
0.663350
0.658500
0.499900
0.665950
0.663250
0.664650
0.671500
0.509350
0.499600
0.664450
0.333450
0.668450
0.670550
0.670250
0.500400
0.668350
0.402750
0.500100
0.661950
0.667300
0.496100
0.832800
0.666100
0.664350
0.829900
0.665400
0.667700
0.505100
0.661900
0.670400
0.832250
0.832050
0.670600
0.499900
0.336000
0.503300
0.500150
0.664600
0.499900
0.502600
0.499850
0.664800
0.497950
0.497450
0.832400
0.498200
0.504250
0.500350
0.670250
0.491850
0.497600
0.659200
0.498300
0.501600
0.505800
0.504900
0.501900
0.335000
0.507700
0.669650
